,Canada,France,Germany,Japan,UK,US,US Bonds,Euros,,,Mean,SD,Index,CurrentCanada,1,0.41,0.3,0.25,0.58,0.71,0.26,0.33,0.0097,0.0547,0.0039,0.055,0.05,0.05France,0.41,1,0.62,0.42,0.54,0.44,0.22,0.26,0.0146,0.07,0.0088,0.0703,0.1,0.1Germany,0.3,0.62,1,0.35,0.48,0.34,0.27,0.28,0.0111,0.0619,0.0053,0.0622,0.1,0Japan,0.25,0.42,0.35,1,0.4,0.22,0.14,0.16,0.0146,0.0701,0.0088,0.0704,0.3,0.2UK,0.58,0.54,0.48,0.4,1,0.56,0.25,0.29,0.0137,0.0599,0.0079,0.0601,0.1,0.15US,0.71,0.44,0.34,0.22,0.56,1,0.36,0.42,0.0129,0.0428,0.0071,0.043,0.35,0.2US Bonds,0.26,0.22,0.27,0.14,0.25,0.36,1,0.92,0.0083,0.0199,0.0025,0.0201,0,0.2Euros,0.33,0.26,0.28,0.16,0.29,0.42,0.92,1,0.0085,0.0152,0.0027,0.0156,0,0.05